a: -0.0006819059833957919
b: 0.029050077541653674
c: -2.1175461844818053
d: 0.7008665908288643
